247823 269136 
247823 241491 
247823 402896 
247823 402896 
247823 267806 
247823 238166 
247823 402516 
247823 267331 
247823 402516 
247823 402516 
247823 402896 
247823 402801 
247823 402516 
247823 290905 
247823 402801 
247823 265716 
247823 402516 
247823 402801 
247823 243391 
247823 243486 
247823 402801 
247823 402516 
247823 402801 
247823 402516 
247823 212706 
247823 402801 
247823 402516 
247823 402516 
247823 402516 
247823 402896 
247823 403086 
247823 402801 
247823 402801 
247823 294691 
247823 402801 
247823 402801 
247823 402801 
247823 292512 
247823 402991 
247823 402801 
247823 402801 
247823 268281 
247823 402801 
247823 403086 
247823 402896 
247823 402896 
247823 402801 
247823 402801 
247823 238261 
247823 266476 
247823 402516 
247823 402896 
247823 402801 
247823 402801 
247823 402516 
247823 402801 
247823 241491 
247823 402896 
247823 402896 
247823 402801 
247823 402801 
247823 402896 
247823 212615 
247823 402896 
247823 402801 
247823 402516 
247823 402991 
247823 402801 
247823 402801 
247823 402896 
247823 402801 
247823 402801 
247823 403371 
247823 402991 
247823 403086 
247823 402801 
247823 240921 
247823 403086 
247823 402801 
247823 403371 
247823 402421 
247823 402801 
247823 402516 
247823 402896 
247823 402516 
247823 403181 
247823 402801 
247823 402801 
247823 403086 
247823 402801 
247823 402896 
247823 403371 
247823 402896 
247823 402801 
247823 403086 
247823 402896 
247823 402801 
247823 403371 
247823 403181 
247823 402896 
247823 403086 
247823 402801 
247823 403086 
247823 172901 
247823 403086 
247823 402516 
247823 402801 
247823 293745 
247823 403086 
247823 402896 
247823 402516 
247823 403466 
247823 403086 
247823 402801 
247823 402896 
247823 403086 
247823 402801 
247823 402991 
247823 402801 
247823 402896